0.0
2245.508982035928
4491.017964071856
5132.591958939264
5132.591958939264
5132.591958939264
5132.591958939264
8982.035928143712
8982.035928143712
8982.035928143712
8982.035928143712
8982.035928143712
8982.035928143712
8982.035928143712
11976.047904191617
11976.047904191617
8982.035928143712
11976.047904191617
11976.047904191617
11976.047904191617
8982.035928143712
11976.047904191617
11976.047904191617
11976.047904191617
11976.047904191617
11976.047904191617
8982.035928143712
11976.047904191617
11976.047904191617
11976.047904191617
11976.047904191617
11976.047904191617
11976.047904191617
8982.035928143712
8982.035928143712
8982.035928143712
9454.774661203908
11976.047904191617
11976.047904191617
11976.047904191617
8982.035928143712
8982.035928143712
11976.047904191617
8982.035928143712
11227.54491017964
8982.035928143712
8982.035928143712
8982.035928143712
11976.047904191617
11976.047904191617
11976.047904191617
8982.035928143712
11976.047904191617
10567.101091933779
8982.035928143712
11976.047904191617
11976.047904191617
11976.047904191617
11976.047904191617
11976.047904191617
11976.047904191617
11976.047904191617
11976.047904191617
11976.047904191617
11976.047904191617
11976.047904191617
8982.035928143712
8982.035928143712
11976.047904191617
8982.035928143712
8982.035928143712
11976.047904191617
11976.047904191617
8982.035928143712
8982.035928143712
8982.035928143712
8982.035928143712
8982.035928143712
8982.035928143712
11976.047904191617
8982.035928143712
8982.035928143712
8982.035928143712
11976.047904191617
11976.047904191617
11976.047904191617
11976.047904191617
11976.047904191617
11976.047904191617
11976.047904191617
11976.047904191617
11976.047904191617
8982.035928143712
11976.047904191617
11976.047904191617
11976.047904191617
11976.047904191617
11976.047904191617
11976.047904191617
11976.047904191617
8982.035928143712
11976.047904191617
8982.035928143712
11976.047904191617
11976.047904191617
11976.047904191617
8982.035928143712
8982.035928143712
8982.035928143712
8982.035928143712
11976.047904191617
8982.035928143712
8982.035928143712
8982.035928143712
8982.035928143712
8982.035928143712
11976.047904191617
11976.047904191617
11976.047904191617
11976.047904191617
8982.035928143712
11976.047904191617
11976.047904191617
11976.047904191617
11976.047904191617
11976.047904191617
11976.047904191617
11976.047904191617
11976.047904191617
8982.035928143712
8982.035928143712
11976.047904191617
11976.047904191617
11976.047904191617
11976.047904191617
11976.047904191617
8982.035928143712
8982.035928143712
8982.035928143712
8982.035928143712
8982.035928143712
8982.035928143712
8982.035928143712
11976.047904191617
11976.047904191617
11976.047904191617
11976.047904191617
11976.047904191617
8982.035928143712
11976.047904191617
8982.035928143712
8982.035928143712
8982.035928143712
11976.047904191617
11976.047904191617
11976.047904191617
11976.047904191617
8982.035928143712
11976.047904191617
11976.047904191617
11976.047904191617
11976.047904191617
8982.035928143712
8982.035928143712
11976.047904191617
8982.035928143712
8982.035928143712
8982.035928143712
8982.035928143712
8982.035928143712
11976.047904191617
11976.047904191617
8982.035928143712
8982.035928143712
11976.047904191617
11976.047904191617
8982.035928143712
8982.035928143712
8982.035928143712
11976.047904191617
11976.047904191617
8982.035928143712
8982.035928143712
8982.035928143712
8982.035928143712
8982.035928143712
11976.047904191617
8982.035928143712
8982.035928143712
11976.047904191617
8982.035928143712
11976.047904191617
11976.047904191617
11976.047904191617
11976.047904191617
11976.047904191617
8982.035928143712
8982.035928143712
8982.035928143712

