0.0
2763.703362505758
4491.017964071856
5132.591958939264
5132.591958939264
5132.591958939264
5132.591958939264
9454.774661203908
8982.035928143712
8982.035928143712
8554.31993156544
8982.035928143712
8982.035928143712
11976.047904191617
11976.047904191617
11976.047904191617
11976.047904191617
11976.047904191617
8982.035928143712
8982.035928143712
8982.035928143712
11976.047904191617
11976.047904191617
8982.035928143712
11976.047904191617
11976.047904191617
11976.047904191617
11976.047904191617
11976.047904191617
11976.047904191617
11976.047904191617
8982.035928143712
11976.047904191617
8982.035928143712
11976.047904191617
8982.035928143712
11976.047904191617
11976.047904191617
8982.035928143712
8982.035928143712
8982.035928143712
11976.047904191617
8982.035928143712
8982.035928143712
8982.035928143712
8982.035928143712
11976.047904191617
11976.047904191617
11976.047904191617
11976.047904191617
11976.047904191617
8982.035928143712
11976.047904191617
11976.047904191617
11976.047904191617
11976.047904191617
11976.047904191617
11976.047904191617
11976.047904191617
11976.047904191617
11976.047904191617
11976.047904191617
11976.047904191617
11976.047904191617
11976.047904191617
8982.035928143712
11976.047904191617
11976.047904191617
11976.047904191617
11976.047904191617
8982.035928143712
11976.047904191617
8982.035928143712
11976.047904191617
11976.047904191617
11976.047904191617
11976.047904191617
11976.047904191617
8982.035928143712
11976.047904191617
11976.047904191617
11976.047904191617
8982.035928143712
8982.035928143712
11976.047904191617
8982.035928143712
8982.035928143712
11227.54491017964
11976.047904191617
8982.035928143712
11976.047904191617
8982.035928143712
8982.035928143712
11976.047904191617
8982.035928143712
8982.035928143712
8982.035928143712
11976.047904191617
11976.047904191617
8982.035928143712
11976.047904191617
11976.047904191617
11976.047904191617
8982.035928143712
8982.035928143712
11976.047904191617
11976.047904191617
11976.047904191617
11976.047904191617
11976.047904191617
11976.047904191617
11976.047904191617
11976.047904191617
11976.047904191617
8982.035928143712
11976.047904191617
11976.047904191617
11976.047904191617
11976.047904191617
8982.035928143712
8982.035928143712
8982.035928143712
11976.047904191617
11976.047904191617
8982.035928143712
11976.047904191617
11976.047904191617
11976.047904191617
11976.047904191617
11976.047904191617
11976.047904191617
11976.047904191617
11976.047904191617
8982.035928143712
11976.047904191617
11976.047904191617
11976.047904191617
11976.047904191617
11976.047904191617
11976.047904191617
11976.047904191617
11976.047904191617
11976.047904191617
11976.047904191617
8982.035928143712
8982.035928143712
11976.047904191617
11976.047904191617
11976.047904191617
11976.047904191617
8982.035928143712
8982.035928143712
8982.035928143712
11976.047904191617
11976.047904191617
11976.047904191617
11976.047904191617
8982.035928143712
11976.047904191617
11976.047904191617
11976.047904191617
8982.035928143712
8982.035928143712
8982.035928143712
8982.035928143712
11976.047904191617
8982.035928143712
8982.035928143712
8982.035928143712
8982.035928143712
8982.035928143712
11976.047904191617
11976.047904191617
11976.047904191617
11976.047904191617
11976.047904191617
8982.035928143712
11976.047904191617
8982.035928143712
8982.035928143712
11976.047904191617
11976.047904191617
8982.035928143712
11976.047904191617
11976.047904191617
11976.047904191617
11976.047904191617
11976.047904191617
11976.047904191617
11976.047904191617
11976.047904191617
11976.047904191617
11976.047904191617
8982.035928143712
11976.047904191617
8982.035928143712
11976.047904191617
11976.047904191617
8982.035928143712
