0.0
2994.011976047904
4491.017964071856
5132.591958939264
5132.591958939264
5132.591958939264
6194.507536650836
5988.023952095808
7185.62874251497
8982.035928143712
8982.035928143712
8982.035928143712
11976.047904191617
11976.047904191617
8982.035928143712
8982.035928143712
11976.047904191617
8982.035928143712
11976.047904191617
11976.047904191617
11976.047904191617
8982.035928143712
8982.035928143712
12831.479897348161
11976.047904191617
8982.035928143712
11976.047904191617
8982.035928143712
11976.047904191617
8982.035928143712
8982.035928143712
11976.047904191617
8982.035928143712
11976.047904191617
11976.047904191617
11976.047904191617
8982.035928143712
8982.035928143712
8982.035928143712
11976.047904191617
11976.047904191617
11976.047904191617
5132.591958939264
11976.047904191617
11976.047904191617
8982.035928143712
8982.035928143712
8982.035928143712
8982.035928143712
11976.047904191617
8982.035928143712
8982.035928143712
8982.035928143712
8982.035928143712
11976.047904191617
11976.047904191617
11976.047904191617
11976.047904191617
11976.047904191617
8982.035928143712
11976.047904191617
11976.047904191617
11976.047904191617
11976.047904191617
11976.047904191617
11976.047904191617
11976.047904191617
8982.035928143712
11976.047904191617
11976.047904191617
11976.047904191617
11976.047904191617
11976.047904191617
8982.035928143712
11976.047904191617
11976.047904191617
8982.035928143712
11976.047904191617
11976.047904191617
11976.047904191617
8982.035928143712
8982.035928143712
8982.035928143712
3592.814371257485
8982.035928143712
11976.047904191617
11976.047904191617
8982.035928143712
11976.047904191617
11976.047904191617
8982.035928143712
11976.047904191617
11976.047904191617
11976.047904191617
11976.047904191617
8982.035928143712
11976.047904191617
11976.047904191617
11976.047904191617
8982.035928143712
11976.047904191617
8982.035928143712
11976.047904191617
11976.047904191617
11976.047904191617
11976.047904191617
11976.047904191617
9454.774661203908
11976.047904191617
11976.047904191617
11976.047904191617
8982.035928143712
8982.035928143712
8982.035928143712
11976.047904191617
11976.047904191617
11976.047904191617
11976.047904191617
8982.035928143712
11976.047904191617
11976.047904191617
8982.035928143712
8982.035928143712
8982.035928143712
8982.035928143712
11976.047904191617
11976.047904191617
11976.047904191617
11976.047904191617
11976.047904191617
11976.047904191617
11976.047904191617
11976.047904191617
11976.047904191617
11976.047904191617
11976.047904191617
11976.047904191617
11976.047904191617
11976.047904191617
11976.047904191617
8982.035928143712
11976.047904191617
8982.035928143712
8982.035928143712
11976.047904191617
8554.31993156544
11976.047904191617
11976.047904191617
11976.047904191617
11976.047904191617
11976.047904191617
11976.047904191617
8982.035928143712
11976.047904191617
11976.047904191617
11976.047904191617
8982.035928143712
12831.479897348161
11227.54491017964
8982.035928143712
8982.035928143712
8982.035928143712
8982.035928143712
11976.047904191617
11976.047904191617
8982.035928143712
11976.047904191617
8982.035928143712
8982.035928143712
8982.035928143712
8982.035928143712
8982.035928143712
11976.047904191617
11976.047904191617
8982.035928143712
8982.035928143712
8982.035928143712
11976.047904191617
8982.035928143712
11976.047904191617
11976.047904191617
8982.035928143712
8982.035928143712
8982.035928143712
11976.047904191617
11976.047904191617
8982.035928143712
11976.047904191617
11976.047904191617
11976.047904191617
11976.047904191617
8982.035928143712
8982.035928143712
8982.035928143712
8982.035928143712
3592.814371257485
11976.047904191617
11976.047904191617
11976.047904191617

