0.0
417.7691129369169
733.2274227056092
1197.6047904191616
1437.125748502994
1633.0974414806751
1796.4071856287426
1996.007984031936
2395.2095808383233
2395.2095808383233
2566.295979469632
2566.295979469632
2763.703362505758
2763.703362505758
2763.703362505758
2763.703362505758
2763.703362505758
2763.703362505758
2763.703362505758
3266.1948829613502
3266.1948829613502
3266.1948829613502
3266.1948829613502
3266.1948829613502
3592.814371257485
3592.814371257485
3592.814371257485
3266.1948829613502
3266.1948829613502
3266.1948829613502
3266.1948829613502
3266.1948829613502
3592.814371257485
3592.814371257485
3592.814371257485
3592.814371257485
3592.814371257485
3592.814371257485
3592.814371257485
3592.814371257485
3592.814371257485
3592.814371257485
3992.015968063872
3992.015968063872
3992.015968063872
3592.814371257485
3592.814371257485
3592.814371257485
3592.814371257485
3592.814371257485
3592.814371257485
3592.814371257485
3592.814371257485
3592.814371257485
3592.814371257485
3592.814371257485
3592.814371257485
3992.015968063872
3992.015968063872
3992.015968063872
3992.015968063872
3992.015968063872
3992.015968063872
3992.015968063872
3992.015968063872
3992.015968063872
3992.015968063872
3992.015968063872
3992.015968063872
3992.015968063872
3992.015968063872
3992.015968063872
3992.015968063872
3992.015968063872
3992.015968063872
4082.7436037016873
3592.814371257485
3992.015968063872
3992.015968063872
3992.015968063872
3592.814371257485
3992.015968063872
3992.015968063872
3992.015968063872
3992.015968063872
3992.015968063872
3992.015968063872
3992.015968063872
3992.015968063872
3992.015968063872
3992.015968063872
3992.015968063872
3992.015968063872
3992.015968063872
3992.015968063872
3592.814371257485
3992.015968063872
3992.015968063872
3992.015968063872
3992.015968063872
3992.015968063872
3992.015968063872
3992.015968063872
3992.015968063872
3592.814371257485
3592.814371257485
3592.814371257485
3992.015968063872
3992.015968063872
3992.015968063872
3992.015968063872
3992.015968063872
3992.015968063872
3992.015968063872
3992.015968063872
3992.015968063872
3992.015968063872
3992.015968063872
3992.015968063872
3992.015968063872
3992.015968063872
3992.015968063872
3992.015968063872
3592.814371257485
3992.015968063872
3992.015968063872
3992.015968063872
3992.015968063872
3592.814371257485
3992.015968063872
3592.814371257485
3592.814371257485
3592.814371257485
3592.814371257485
3592.814371257485
3592.814371257485
3992.015968063872
3992.015968063872
3992.015968063872
3992.015968063872
3992.015968063872
3992.015968063872
3992.015968063872
3992.015968063872
3992.015968063872
3992.015968063872
3992.015968063872
3592.814371257485
3992.015968063872
3992.015968063872
3992.015968063872
3992.015968063872
3992.015968063872
3992.015968063872
3992.015968063872
3992.015968063872
3992.015968063872
3992.015968063872
3992.015968063872
3905.233012236397
3592.814371257485
3592.814371257485
3592.814371257485
3592.814371257485
3992.015968063872
3592.814371257485
3592.814371257485
3592.814371257485
3592.814371257485
3992.015968063872
4491.017964071856
4491.017964071856
4491.017964071856
4491.017964071856
3992.015968063872
3992.015968063872
3992.015968063872
3992.015968063872
3992.015968063872
3992.015968063872
3992.015968063872
3992.015968063872
3992.015968063872
3992.015968063872
3992.015968063872
3992.015968063872
3992.015968063872
3992.015968063872
3992.015968063872
3992.015968063872
3992.015968063872
3992.015968063872
3992.015968063872
3992.015968063872
3992.015968063872
3992.015968063872
3992.015968063872
3992.015968063872
3992.015968063872

