0.0
0.0
237.93472657334337
485.5154555753358
761.1894854359078
916.5342783820115
1122.754491017964
1283.147989734816
1437.125748502994
1633.0974414806751
1796.4071856287426
1996.007984031936
1996.007984031936
1996.007984031936
2113.420218386756
2245.508982035928
2273.9331463654967
2245.508982035928
2395.2095808383233
2245.508982035928
2395.2095808383233
2395.2095808383233
2395.2095808383233
2395.2095808383233
2566.295979469632
2395.2095808383233
2566.295979469632
2566.295979469632
2395.2095808383233
2566.295979469632
2395.2095808383233
2566.295979469632
2566.295979469632
2566.295979469632
2566.295979469632
2566.295979469632
2566.295979469632
2566.295979469632
2566.295979469632
2721.829069134458
2566.295979469632
2566.295979469632
2566.295979469632
2566.295979469632
2763.703362505758
2495.0099800399203
2763.703362505758
2763.703362505758
2763.703362505758
2763.703362505758
2763.703362505758
2763.703362505758
2566.295979469632
2721.829069134458
2763.703362505758
2566.295979469632
2763.703362505758
2566.295979469632
2566.295979469632
2763.703362505758
2763.703362505758
2763.703362505758
2763.703362505758
2763.703362505758
2566.295979469632
2566.295979469632
2566.295979469632
2566.295979469632
2566.295979469632
2763.703362505758
2763.703362505758
2763.703362505758
2763.703362505758
2994.011976047904
2994.011976047904
2763.703362505758
2763.703362505758
2994.011976047904
2994.011976047904
2763.703362505758
2763.703362505758
2994.011976047904
2763.703362505758
2763.703362505758
2763.703362505758
2994.011976047904
2994.011976047904
2763.703362505758
2763.703362505758
2994.011976047904
2994.011976047904
2763.703362505758
2763.703362505758
2994.011976047904
2763.703362505758
2994.011976047904
2763.703362505758
2763.703362505758
2994.011976047904
2763.703362505758
2994.011976047904
2763.703362505758
2851.43997718848
2763.703362505758
2763.703362505758
2994.011976047904
2763.703362505758
2763.703362505758
2994.011976047904
2763.703362505758
2994.011976047904
2763.703362505758
2994.011976047904
2763.703362505758
2763.703362505758
2994.011976047904
2994.011976047904
2994.011976047904
2994.011976047904
2994.011976047904
2994.011976047904
2763.703362505758
2994.011976047904
2994.011976047904
2994.011976047904
2994.011976047904
2763.703362505758
2763.703362505758
2763.703362505758
2994.011976047904
2994.011976047904
2994.011976047904
2994.011976047904
2994.011976047904
2994.011976047904
2994.011976047904
2994.011976047904
2994.011976047904
3266.1948829613502
2994.011976047904
2994.011976047904
3266.1948829613502
2994.011976047904
2994.011976047904
2994.011976047904
2994.011976047904
2994.011976047904
2994.011976047904
2994.011976047904
2994.011976047904
2763.703362505758
2763.703362505758
2763.703362505758
2763.703362505758
2994.011976047904
2763.703362505758
2763.703362505758
2994.011976047904
2763.703362505758
2763.703362505758
2994.011976047904
2763.703362505758
2763.703362505758
2763.703362505758
2994.011976047904
2763.703362505758
2994.011976047904
2994.011976047904
2994.011976047904
2763.703362505758
2994.011976047904
2763.703362505758
2994.011976047904
2994.011976047904
3992.015968063872
3992.015968063872
3592.814371257485
3592.814371257485
3592.814371257485
3592.814371257485
3666.137113528046
3592.814371257485
3592.814371257485
3592.814371257485
3592.814371257485
3266.1948829613502
3266.1948829613502
3266.1948829613502
3592.814371257485
3266.1948829613502
3266.1948829613502
3266.1948829613502
3266.1948829613502
3266.1948829613502
3266.1948829613502
3266.1948829613502
3266.1948829613502
3266.1948829613502
3266.1948829613502
3266.1948829613502
