0.0
0.0
118.96736328667168
55.189160848809294
16.010759230202698
16.010759230202698
7.718183396901149
7.718183396901149
8.950708448573705
8.950708448573705
11.133605117004912
71.14483903480168
399.2015968063872
690.9258406264395
798.4031936127744
921.2344541685859
1115.7808606389706
1189.6736328667168
1350.6820944577012
1437.125748502994
1562.0932048945588
1633.0974414806751
1710.8639863130882
1851.966170751281
1996.007984031936
1996.007984031936
2138.57998289136
1974.0738303612554
2113.420218386756
2113.420218386756
2113.420218386756
2245.508982035928
2113.420218386756
2245.508982035928
2245.508982035928
2245.508982035928
2245.508982035928
2245.508982035928
2245.508982035928
2245.508982035928
2395.2095808383233
2395.2095808383233
2395.2095808383233
2395.2095808383233
2395.2095808383233
2395.2095808383233
2395.2095808383233
2395.2095808383233
2395.2095808383233
2395.2095808383233
2395.2095808383233
2395.2095808383233
2395.2095808383233
2395.2095808383233
2395.2095808383233
2395.2095808383233
2395.2095808383233
2395.2095808383233
2395.2095808383233
2763.703362505758
2566.295979469632
2566.295979469632
2566.295979469632
2566.295979469632
2763.703362505758
2763.703362505758
2763.703362505758
2763.703362505758
2763.703362505758
2763.703362505758
2763.703362505758
2763.703362505758
2763.703362505758
2994.011976047904
2763.703362505758
2994.011976047904
2994.011976047904
2994.011976047904
2994.011976047904
2763.703362505758
2763.703362505758
2763.703362505758
2566.295979469632
2763.703362505758
2763.703362505758
2763.703362505758
2763.703362505758
2763.703362505758
2763.703362505758
2566.295979469632
2763.703362505758
2763.703362505758
2763.703362505758
2566.295979469632
2763.703362505758
2566.295979469632
2566.295979469632
2566.295979469632
2566.295979469632
2763.703362505758
2763.703362505758
2763.703362505758
2763.703362505758
2763.703362505758
2566.295979469632
2763.703362505758
2566.295979469632
2763.703362505758
2603.4886748242643
2763.703362505758
2763.703362505758
2763.703362505758
2566.295979469632
2763.703362505758
2763.703362505758
2566.295979469632
2566.295979469632
2763.703362505758
2763.703362505758
2566.295979469632
2763.703362505758
2566.295979469632
2994.011976047904
2763.703362505758
2763.703362505758
2763.703362505758
2763.703362505758
2763.703362505758
2763.703362505758
2763.703362505758
2994.011976047904
2763.703362505758
2994.011976047904
2763.703362505758
2763.703362505758
2994.011976047904
2763.703362505758
2994.011976047904
2994.011976047904
2763.703362505758
2994.011976047904
2763.703362505758
2763.703362505758
2763.703362505758
2763.703362505758
2763.703362505758
2763.703362505758
2763.703362505758
2763.703362505758
2763.703362505758
3266.1948829613502
3266.1948829613502
2994.011976047904
2994.011976047904
2994.011976047904
2763.703362505758
2763.703362505758
2763.703362505758
2763.703362505758
2763.703362505758
2763.703362505758
2763.703362505758
2763.703362505758
2763.703362505758
2763.703362505758
2763.703362505758
2763.703362505758
2994.011976047904
2763.703362505758
2994.011976047904
2763.703362505758
2994.011976047904
2806.88622754491
2763.703362505758
2763.703362505758
2763.703362505758
2763.703362505758
2763.703362505758
2763.703362505758
2994.011976047904
2994.011976047904
2994.011976047904
2763.703362505758
2763.703362505758
2994.011976047904
2994.011976047904
2994.011976047904
2763.703362505758
2763.703362505758
2763.703362505758
2994.011976047904
2763.703362505758
2763.703362505758
2994.011976047904
2763.703362505758
2994.011976047904
2994.011976047904
2763.703362505758
2763.703362505758
2994.011976047904

